7756.4648315 8442.71867545 3736.87307803 4423.12692197
8953.80786076 9545.37564619 3675.21610729 4266.78389271
11432.7264219 11846.4570851 3593.13466839 4006.86533161
11933.4320701 12361.7514368 3592.84031667 4021.15968333
1697.4840992 2085.69940774 3554.89234573 3943.10765427
2063.25753816 2445.92596878 3552.66578469 3935.33421531
4032.1714066 4325.01210034 3530.57965313 3823.42034687
4340.34888867 4686.83461828 3559.75713519 3906.24286481
7826.89182166 8574.29168529 3764.30006818 4511.69993182
8849.4776804 9519.70582654 3709.88592693 4380.11407307
11368.5405521 11798.6429548 3601.94879864 4032.05120136
11901.3443229 12349.839184 3602.75256946 4051.24743054
1629.44937654 2065.7341304 3580.85762307 4017.14237693
2062.55956752 2468.62393942 3563.96781405 3970.03218595
3952.14010946 4305.04339749 3562.54835599 3915.45164401
4341.56564749 4725.61785945 3578.97389402 3963.02610598
1580.10467027 2053.07883667 3600.5129168 4073.4870832
2046.73390374 2498.44960321 3574.14215027 4025.85784973
3926.7490529 4256.43445405 3550.15729942 3879.84270058
4357.80615545 4755.37735149 3586.21440198 3983.78559802
7792.5307778 8548.65272914 3767.93902433 4524.06097567
8820.03844089 9463.14506606 3698.44668741 4341.55331259
11359.0601494 11830.1233576 3621.46839589 4092.53160411
11921.0684046 12410.1151024 3621.47665109 4110.52334891
